0 0 0
0.0138179 0.0201903 0.299454
0.0438676 -0.0121939 0.548782
0.0490969 0.0171147 0.841078
0.0491458 0.0252315 0.975859
0.054443 0.0351312 1.08374
0.0553209 0.0410645 1.16441
0.0548468 0.0487774 1.25767
0.0472492 0.0733572 1.49825
0.025079 0.0866537 1.69263
0.0324836 0.104424 1.87976
0.0342205 0.114661 1.98882
0.0467226 0.139508 2.32045
0.0505447 0.166811 2.61556
0.0636964 0.187379 2.84704
0.0150906 0.215317 3.04829
0.0296658 0.229636 3.16621
0.0723528 0.244787 3.46633
0.0847311 0.261374 3.60705
0.554269 0.257415 3.59033
0.928899 0.249952 3.66515
1.28849 0.0949267 3.68904
1.38238 0.25256 4.14057
1.38238 0.25256 4.14057
0.623133 0.14756 3.9615
0.220588 0.0759864 3.88541
0.124628 0.226851 4.40217
0.256057 0.28622 4.58237
0.41646 0.374413 4.78167
0.517832 0.363768 4.94849
0.625801 0.400641 5.06275
0.80233 0.46569 5.25055
0.93521 0.514068 5.40403
1.05521 0.554904 5.50826
1.19234 0.611206 5.68689
1.31119 0.654887 5.85243
1.48951 0.736056 6.07099
1.5694 0.766393 6.16697
1.41952 0.762519 6.31672
